0.21428573 0.21428573 0.14285715 0.071428575 0.21428573 0 0.14285715
0.21428572 0.2857143 0.14285715 0.107142866 0.14285715 0 0.107142866
0.26785716 0.2857143 0.125 0.14285715 0.107142866 0 0.071428575
0.27678573 0.33035716 0.125 0.14285715 0.071428575 0 0.053571433
0.29910716 0.33928573 0.107142866 0.16517858 0.053571433 0 0.035714287
0.3058036 0.3526786 0.10937501 0.16964287 0.035714287 0 0.026785716
0.31584823 0.3604911 0.102678575 0.1763393 0.026785716 0 0.017857144
0.31975448 0.36718753 0.10156251 0.18024555 0.017857144 0 0.013392858
0.3244978 0.37053573 0.09905135 0.18359376 0.013392858 0 0.008928572
0.32659042 0.37402347 0.09849331 0.18526787 0.008928572 0 0.006696429
0.32889232 0.3758371 0.09709822 0.18701173 0.006696429 0 0.004464286
0.32997352 0.37744144 0.09685408 0.18791854 0.004464286 0 0.0033482146
0.33110702 0.37840056 0.09619141 0.18872072 0.0033482146 0 0.002232143
0.33165634 0.37920272 0.09603447 0.18920028 0.002232143 0 0.0016741073
0.33221874 0.37967357 0.095716216 0.18960136 0.0016741073 0 0.0011160715
0.33249557 0.38007686 0.09563773 0.18983679 0.0011160715 0 0.00083705364
0.33277568 0.38031444 0.095476426 0.19003843 0.00083705364 0 0.00055803574
0.33291465 0.3805139 0.09543774 0.19015722 0.00055803574 0 0.00041852682
0.33305442 0.38063353 0.09535763 0.19025695 0.00041852682 0 0.00027901787
0.33312404 0.38073325 0.09533774 0.19031677 0.00027901787 0 0.00020926341
0.3331939 0.38079292 0.095297895 0.19036663 0.00020926341 0 0.00013950893
0.3332287 0.38084283 0.09528794 0.19039646 0.00013950893 0 0.000104631705
0.33326364 0.38087267 0.09526798 0.19042142 0.000104631705 0 0.00006975447
0.33328104 0.38089764 0.09526303 0.19043633 0.00006975447 0 0.000052315852
0.3332985 0.38091254 0.09525304 0.19044882 0.000052315852 0 0.000034877234
0.3333072 0.38092503 0.09525057 0.19045627 0.000034877234 0 0.000026157926
0.33331594 0.38093248 0.09524558 0.19046251 0.000026157926 0 0.000017438617
0.3333203 0.38093874 0.09524433 0.19046624 0.000017438617 0 0.000013078963
0.33332464 0.38094246 0.09524184 0.19046937 0.000013078963 0 0.000008719308
0.33332685 0.38094556 0.095241226 0.19047123 0.000008719308 0 0.0000065394815
0.33332902 0.38094747 0.095239975 0.19047278 0.0000065394815 0 0.000004359654
0.3333301 0.38094902 0.09523966 0.19047374 0.000004359654 0 0.0000032697408
0.33333123 0.3809499 0.09523905 0.19047451 0.0000032697408 0 0.000002179827
0.33333173 0.38095075 0.09523889 0.19047496 0.000002179827 0 0.0000016348704
0.3333323 0.38095117 0.09523857 0.19047537 0.0000016348704 0 0.0000010899136
0.33333254 0.38095158 0.09523851 0.19047558 0.0000010899136 0 0.0000008174352
0.33333284 0.3809518 0.095238335 0.19047579 0.0000008174352 0 0.0000005449568
0.33333296 0.380952 0.095238306 0.1904759 0.0000005449568 0 0.0000004087176
0.3333331 0.38095212 0.09523822 0.190476 0.0000004087176 0 0.0000002724784
0.33333316 0.3809522 0.0952382 0.19047606 0.0000002724784 0 0.0000002043588
0.33333325 0.38095227 0.095238164 0.1904761 0.0000002043588 0 0.0000001362392
0.33333328 0.38095233 0.09523816 0.19047613 0.0000001362392 0 0.0000001021794
0.3333333 0.38095236 0.095238134 0.19047616 0.0000001021794 0 0.0000000681196
0.33333334 0.3809524 0.095238134 0.19047618 0.0000000681196 0 0.0000000510897
0.33333334 0.38095242 0.09523813 0.1904762 0.0000000510897 0 0.0000000340598
0.33333337 0.38095242 0.09523812 0.19047621 0.0000000340598 0 0.00000002554485
0.33333337 0.38095242 0.09523812 0.19047621 0.00000002554485 0 0.0000000170299
0.33333337 0.38095242 0.09523812 0.19047621 0.0000000170299 0 0.000000012772425
0.33333337 0.38095242 0.09523811 0.19047621 0.000000012772425 0 0.00000000851495
0.33333337 0.38095242 0.09523811 0.19047621 0.00000000851495 0 0.0000000063862124
0.33333337 0.38095242 0.09523811 0.19047621 0.0000000063862124 0 0.000000004257475
0.33333337 0.38095242 0.095238104 0.19047621 0.000000004257475 0 0.0000000031931062
0.33333337 0.38095242 0.095238104 0.19047621 0.0000000031931062 0 0.0000000021287374
0.33333337 0.38095242 0.095238104 0.19047621 0.0000000021287374 0 0.0000000015965531
0.33333337 0.38095242 0.095238104 0.19047621 0.0000000015965531 0 0.0000000010643687
0.33333337 0.38095242 0.095238104 0.19047621 0.0000000010643687 0 0.00000000079827656
0.33333337 0.38095242 0.095238104 0.19047621 0.00000000079827656 0 0.00000000053218435
0.33333337 0.38095242 0.095238104 0.19047621 0.00000000053218435 0 0.00000000039913828
0.33333337 0.38095242 0.095238104 0.19047621 0.00000000039913828 0 0.00000000026609218
0.33333337 0.38095242 0.095238104 0.19047621 0.00000000026609218 0 0.00000000019956914
0.33333337 0.38095242 0.095238104 0.19047621 0.00000000019956914 0 0.00000000013304609
0.33333337 0.38095242 0.095238104 0.19047621 0.00000000013304609 0 0.00000000009978457
0.33333337 0.38095242 0.095238104 0.19047621 0.00000000009978457 0 0.000000000066523044
0.33333337 0.38095242 0.095238104 0.19047621 0.000000000066523044 0 0.000000000049892285
0.33333337 0.38095242 0.095238104 0.19047621 0.000000000049892285 0 0.000000000033261522
0.33333337 0.38095242 0.095238104 0.19047621 0.000000000033261522 0 0.000000000024946142
0.33333337 0.38095242 0.095238104 0.19047621 0.000000000024946142 0 0.000000000016630761
0.33333337 0.38095242 0.095238104 0.19047621 0.000000000016630761 0 0.000000000012473071
0.33333337 0.38095242 0.095238104 0.19047621 0.000000000012473071 0 0.0000000000083153805
0.33333337 0.38095242 0.095238104 0.19047621 0.0000000000083153805 0 0.0000000000062365356
0.33333337 0.38095242 0.095238104 0.19047621 0.0000000000062365356 0 0.0000000000041576903
0.33333337 0.38095242 0.095238104 0.19047621 0.0000000000041576903 0 0.0000000000031182678
0.33333337 0.38095242 0.095238104 0.19047621 0.0000000000031182678 0 0.0000000000020788451
0.33333337 0.38095242 0.095238104 0.19047621 0.0000000000020788451 0 0.0000000000015591339
0.33333337 0.38095242 0.095238104 0.19047621 0.0000000000015591339 0 0.0000000000010394226
0.33333337 0.38095242 0.095238104 0.19047621 0.0000000000010394226 0 0.00000000000077956695
0.33333337 0.38095242 0.095238104 0.19047621 0.00000000000077956695 0 0.0000000000005197113
0.33333337 0.38095242 0.095238104 0.19047621 0.0000000000005197113 0 0.00000000000038978347
0.33333337 0.38095242 0.095238104 0.19047621 0.00000000000038978347 0 0.00000000000025985564
0.33333337 0.38095242 0.095238104 0.19047621 0.00000000000025985564 0 0.00000000000019489174
0.33333337 0.38095242 0.095238104 0.19047621 0.00000000000019489174 0 0.00000000000012992782
0.33333337 0.38095242 0.095238104 0.19047621 0.00000000000012992782 0 0.00000000000009744587
0.33333337 0.38095242 0.095238104 0.19047621 0.00000000000009744587 0 0.00000000000006496391
0.33333337 0.38095242 0.095238104 0.19047621 0.00000000000006496391 0 0.000000000000048722934
0.33333337 0.38095242 0.095238104 0.19047621 0.000000000000048722934 0 0.000000000000032481955
0.33333337 0.38095242 0.095238104 0.19047621 0.000000000000032481955 0 0.000000000000024361467
0.33333337 0.38095242 0.095238104 0.19047621 0.000000000000024361467 0 0.000000000000016240978
0.33333337 0.38095242 0.095238104 0.19047621 0.000000000000016240978 0 0.000000000000012180734
0.33333337 0.38095242 0.095238104 0.19047621 0.000000000000012180734 0 0.000000000000008120489
0.33333337 0.38095242 0.095238104 0.19047621 0.000000000000008120489 0 0.000000000000006090367
0.33333337 0.38095242 0.095238104 0.19047621 0.000000000000006090367 0 0.0000000000000040602444
0.33333337 0.38095242 0.095238104 0.19047621 0.0000000000000040602444 0 0.0000000000000030451834
0.33333337 0.38095242 0.095238104 0.19047621 0.0000000000000030451834 0 0.0000000000000020301222
0.33333337 0.38095242 0.095238104 0.19047621 0.0000000000000020301222 0 0.0000000000000015225917
0.33333337 0.38095242 0.095238104 0.19047621 0.0000000000000015225917 0 0.0000000000000010150611
0.33333337 0.38095242 0.095238104 0.19047621 0.0000000000000010150611 0 0.00000000000000076129585
0.33333337 0.38095242 0.095238104 0.19047621 0.00000000000000076129585 0 0.00000000000000050753055
0.33333337 0.38095242 0.095238104 0.19047621 0.00000000000000050753055 0 0.00000000000000038064792
0.33333337 0.38095242 0.095238104 0.19047621 0.00000000000000038064792 0 0.00000000000000025376527
0.33333337 0.38095242 0.095238104 0.19047621 0.00000000000000025376527 0 0.00000000000000019032396
0.33333337 0.38095242 0.095238104 0.19047621 0.00000000000000019032396 0 0.00000000000000012688264
0.33333337 0.38095242 0.095238104 0.19047621 0.00000000000000012688264 0 0.00000000000000009516198
0.33333337 0.38095242 0.095238104 0.19047621 0.00000000000000009516198 0 0.00000000000000006344132
0.33333337 0.38095242 0.095238104 0.19047621 0.00000000000000006344132 0 0.00000000000000004758099
0.33333337 0.38095242 0.095238104 0.19047621 0.00000000000000004758099 0 0.00000000000000003172066
0.33333337 0.38095242 0.095238104 0.19047621 0.00000000000000003172066 0 0.000000000000000023790495
0.33333337 0.38095242 0.095238104 0.19047621 0.000000000000000023790495 0 0.00000000000000001586033
0.33333337 0.38095242 0.095238104 0.19047621 0.00000000000000001586033 0 0.000000000000000011895248
0.33333337 0.38095242 0.095238104 0.19047621 0.000000000000000011895248 0 0.000000000000000007930165
0.33333337 0.38095242 0.095238104 0.19047621 0.000000000000000007930165 0 0.000000000000000005947624
0.33333337 0.38095242 0.095238104 0.19047621 0.000000000000000005947624 0 0.0000000000000000039650824
0.33333337 0.38095242 0.095238104 0.19047621 0.0000000000000000039650824 0 0.000000000000000002973812
0.33333337 0.38095242 0.095238104 0.19047621 0.000000000000000002973812 0 0.0000000000000000019825412
0.33333337 0.38095242 0.095238104 0.19047621 0.0000000000000000019825412 0 0.000000000000000001486906
0.33333337 0.38095242 0.095238104 0.19047621 0.000000000000000001486906 0 0.0000000000000000009912706
0.33333337 0.38095242 0.095238104 0.19047621 0.0000000000000000009912706 0 0.000000000000000000743453
0.33333337 0.38095242 0.095238104 0.19047621 0.000000000000000000743453 0 0.0000000000000000004956353
0.33333337 0.38095242 0.095238104 0.19047621 0.0000000000000000004956353 0 0.0000000000000000003717265
0.33333337 0.38095242 0.095238104 0.19047621 0.0000000000000000003717265 0 0.00000000000000000024781765
0.33333337 0.38095242 0.095238104 0.19047621 0.00000000000000000024781765 0 0.00000000000000000018586324
0.33333337 0.38095242 0.095238104 0.19047621 0.00000000000000000018586324 0 0.00000000000000000012390883
0.33333337 0.38095242 0.095238104 0.19047621 0.00000000000000000012390883 0 0.00000000000000000009293162
0.33333337 0.38095242 0.095238104 0.19047621 0.00000000000000000009293162 0 0.00000000000000000006195441
0.33333337 0.38095242 0.095238104 0.19047621 0.00000000000000000006195441 0 0.00000000000000000004646581
0.33333337 0.38095242 0.095238104 0.19047621 0.00000000000000000004646581 0 0.000000000000000000030977206
0.33333337 0.38095242 0.095238104 0.19047621 0.000000000000000000030977206 0 0.000000000000000000023232906
0.33333337 0.38095242 0.095238104 0.19047621 0.000000000000000000023232906 0 0.000000000000000000015488603
0.33333337 0.38095242 0.095238104 0.19047621 0.000000000000000000015488603 0 0.000000000000000000011616453
0.33333337 0.38095242 0.095238104 0.19047621 0.000000000000000000011616453 0 0.0000000000000000000077443016
0.33333337 0.38095242 0.095238104 0.19047621 0.0000000000000000000077443016 0 0.0000000000000000000058082264
0.33333337 0.38095242 0.095238104 0.19047621 0.0000000000000000000058082264 0 0.0000000000000000000038721508
0.33333337 0.38095242 0.095238104 0.19047621 0.0000000000000000000038721508 0 0.0000000000000000000029041132
0.33333337 0.38095242 0.095238104 0.19047621 0.0000000000000000000029041132 0 0.0000000000000000000019360754
0.33333337 0.38095242 0.095238104 0.19047621 0.0000000000000000000019360754 0 0.0000000000000000000014520566
0.33333337 0.38095242 0.095238104 0.19047621 0.0000000000000000000014520566 0 0.0000000000000000000009680377
0.33333337 0.38095242 0.095238104 0.19047621 0.0000000000000000000009680377 0 0.0000000000000000000007260283
0.33333337 0.38095242 0.095238104 0.19047621 0.0000000000000000000007260283 0 0.00000000000000000000048401885
0.33333337 0.38095242 0.095238104 0.19047621 0.00000000000000000000048401885 0 0.00000000000000000000036301415
0.33333337 0.38095242 0.095238104 0.19047621 0.00000000000000000000036301415 0 0.00000000000000000000024200942
0.33333337 0.38095242 0.095238104 0.19047621 0.00000000000000000000024200942 0 0.00000000000000000000018150707
0.33333337 0.38095242 0.095238104 0.19047621 0.00000000000000000000018150707 0 0.00000000000000000000012100471
0.33333337 0.38095242 0.095238104 0.19047621 0.00000000000000000000012100471 0 0.00000000000000000000009075354
0.33333337 0.38095242 0.095238104 0.19047621 0.00000000000000000000009075354 0 0.000000000000000000000060502356
0.33333337 0.38095242 0.095238104 0.19047621 0.000000000000000000000060502356 0 0.00000000000000000000004537677
0.33333337 0.38095242 0.095238104 0.19047621 0.00000000000000000000004537677 0 0.000000000000000000000030251178
0.33333337 0.38095242 0.095238104 0.19047621 0.000000000000000000000030251178 0 0.000000000000000000000022688384
0.33333337 0.38095242 0.095238104 0.19047621 0.000000000000000000000022688384 0 0.000000000000000000000015125589
0.33333337 0.38095242 0.095238104 0.19047621 0.000000000000000000000015125589 0 0.000000000000000000000011344192
0.33333337 0.38095242 0.095238104 0.19047621 0.000000000000000000000011344192 0 0.0000000000000000000000075627945
0.33333337 0.38095242 0.095238104 0.19047621 0.0000000000000000000000075627945 0 0.000000000000000000000005672096
0.33333337 0.38095242 0.095238104 0.19047621 0.000000000000000000000005672096 0 0.0000000000000000000000037813973
0.33333337 0.38095242 0.095238104 0.19047621 0.0000000000000000000000037813973 0 0.000000000000000000000002836048
0.33333337 0.38095242 0.095238104 0.19047621 0.000000000000000000000002836048 0 0.0000000000000000000000018906986
0.33333337 0.38095242 0.095238104 0.19047621 0.0000000000000000000000018906986 0 0.000000000000000000000001418024
0.33333337 0.38095242 0.095238104 0.19047621 0.000000000000000000000001418024 0 0.0000000000000000000000009453493
0.33333337 0.38095242 0.095238104 0.19047621 0.0000000000000000000000009453493 0 0.000000000000000000000000709012
0.33333337 0.38095242 0.095238104 0.19047621 0.000000000000000000000000709012 0 0.00000000000000000000000047267466
0.33333337 0.38095242 0.095238104 0.19047621 0.00000000000000000000000047267466 0 0.000000000000000000000000354506
0.33333337 0.38095242 0.095238104 0.19047621 0.000000000000000000000000354506 0 0.00000000000000000000000023633733
0.33333337 0.38095242 0.095238104 0.19047621 0.00000000000000000000000023633733 0 0.000000000000000000000000177253
0.33333337 0.38095242 0.095238104 0.19047621 0.000000000000000000000000177253 0 0.00000000000000000000000011816866
0.33333337 0.38095242 0.095238104 0.19047621 0.00000000000000000000000011816866 0 0.0000000000000000000000000886265
0.33333337 0.38095242 0.095238104 0.19047621 0.0000000000000000000000000886265 0 0.00000000000000000000000005908433
0.33333337 0.38095242 0.095238104 0.19047621 0.00000000000000000000000005908433 0 0.00000000000000000000000004431325
0.33333337 0.38095242 0.095238104 0.19047621 0.00000000000000000000000004431325 0 0.000000000000000000000000029542166
0.33333337 0.38095242 0.095238104 0.19047621 0.000000000000000000000000029542166 0 0.000000000000000000000000022156625
0.33333337 0.38095242 0.095238104 0.19047621 0.000000000000000000000000022156625 0 0.000000000000000000000000014771083
0.33333337 0.38095242 0.095238104 0.19047621 0.000000000000000000000000014771083 0 0.000000000000000000000000011078313
0.33333337 0.38095242 0.095238104 0.19047621 0.000000000000000000000000011078313 0 0.0000000000000000000000000073855415
0.33333337 0.38095242 0.095238104 0.19047621 0.0000000000000000000000000073855415 0 0.0000000000000000000000000055391563
0.33333337 0.38095242 0.095238104 0.19047621 0.0000000000000000000000000055391563 0 0.0000000000000000000000000036927708
0.33333337 0.38095242 0.095238104 0.19047621 0.0000000000000000000000000036927708 0 0.0000000000000000000000000027695782
0.33333337 0.38095242 0.095238104 0.19047621 0.0000000000000000000000000027695782 0 0.0000000000000000000000000018463854
0.33333337 0.38095242 0.095238104 0.19047621 0.0000000000000000000000000018463854 0 0.0000000000000000000000000013847891
0.33333337 0.38095242 0.095238104 0.19047621 0.0000000000000000000000000013847891 0 0.0000000000000000000000000009231927
0.33333337 0.38095242 0.095238104 0.19047621 0.0000000000000000000000000009231927 0 0.00000000000000000000000000069239454
0.33333337 0.38095242 0.095238104 0.19047621 0.00000000000000000000000000069239454 0 0.00000000000000000000000000046159634
0.33333337 0.38095242 0.095238104 0.19047621 0.00000000000000000000000000046159634 0 0.00000000000000000000000000034619727
0.33333337 0.38095242 0.095238104 0.19047621 0.00000000000000000000000000034619727 0 0.00000000000000000000000000023079817
0.33333337 0.38095242 0.095238104 0.19047621 0.00000000000000000000000000023079817 0 0.00000000000000000000000000017309864
0.33333337 0.38095242 0.095238104 0.19047621 0.00000000000000000000000000017309864 0 0.00000000000000000000000000011539909
0.33333337 0.38095242 0.095238104 0.19047621 0.00000000000000000000000000011539909 0 0.00000000000000000000000000008654932
0.33333337 0.38095242 0.095238104 0.19047621 0.00000000000000000000000000008654932 0 0.000000000000000000000000000057699543
0.33333337 0.38095242 0.095238104 0.19047621 0.000000000000000000000000000057699543 0 0.00000000000000000000000000004327466
0.33333337 0.38095242 0.095238104 0.19047621 0.00000000000000000000000000004327466 0 0.000000000000000000000000000028849772
0.33333337 0.38095242 0.095238104 0.19047621 0.000000000000000000000000000028849772 0 0.00000000000000000000000000002163733
0.33333337 0.38095242 0.095238104 0.19047621 0.00000000000000000000000000002163733 0 0.000000000000000000000000000014424886
0.33333337 0.38095242 0.095238104 0.19047621 0.000000000000000000000000000014424886 0 0.000000000000000000000000000010818665
0.33333337 0.38095242 0.095238104 0.19047621 0.000000000000000000000000000010818665 0 0.000000000000000000000000000007212443
0.33333337 0.38095242 0.095238104 0.19047621 0.000000000000000000000000000007212443 0 0.0000000000000000000000000000054093324
0.33333337 0.38095242 0.095238104 0.19047621 0.0000000000000000000000000000054093324 0 0.0000000000000000000000000000036062214
0.33333337 0.38095242 0.095238104 0.19047621 0.0000000000000000000000000000036062214 0 0.0000000000000000000000000000027046662
0.33333337 0.38095242 0.095238104 0.19047621 0.0000000000000000000000000000027046662 0 0.0000000000000000000000000000018031107
0.33333337 0.38095242 0.095238104 0.19047621 0.0000000000000000000000000000018031107 0 0.0000000000000000000000000000013523331
0.33333337 0.38095242 0.095238104 0.19047621 0.0000000000000000000000000000013523331 0 0.0000000000000000000000000000009015554
0.33333337 0.38095242 0.095238104 0.19047621 0.0000000000000000000000000000009015554 0 0.00000000000000000000000000000067616654
0.33333337 0.38095242 0.095238104 0.19047621 0.00000000000000000000000000000067616654 0 0.0000000000000000000000000000004507777
0.33333337 0.38095242 0.095238104 0.19047621 0.0000000000000000000000000000004507777 0 0.00000000000000000000000000000033808327
0.33333337 0.38095242 0.095238104 0.19047621 0.00000000000000000000000000000033808327 0 0.00000000000000000000000000000022538884
0.33333337 0.38095242 0.095238104 0.19047621 0.00000000000000000000000000000022538884 0 0.00000000000000000000000000000016904164
0.33333337 0.38095242 0.095238104 0.19047621 0.00000000000000000000000000000016904164 0 0.00000000000000000000000000000011269442
0.33333337 0.38095242 0.095238104 0.19047621 0.00000000000000000000000000000011269442 0 0.00000000000000000000000000000008452082
0.33333337 0.38095242 0.095238104 0.19047621 0.00000000000000000000000000000008452082 0 0.00000000000000000000000000000005634721
0.33333337 0.38095242 0.095238104 0.19047621 0.00000000000000000000000000000005634721 0 0.00000000000000000000000000000004226041
0.33333337 0.38095242 0.095238104 0.19047621 0.00000000000000000000000000000004226041 0 0.000000000000000000000000000000028173605
0.33333337 0.38095242 0.095238104 0.19047621 0.000000000000000000000000000000028173605 0 0.000000000000000000000000000000021130204
0.33333337 0.38095242 0.095238104 0.19047621 0.000000000000000000000000000000021130204 0 0.000000000000000000000000000000014086803
0.33333337 0.38095242 0.095238104 0.19047621 0.000000000000000000000000000000014086803 0 0.000000000000000000000000000000010565102
0.33333337 0.38095242 0.095238104 0.19047621 0.000000000000000000000000000000010565102 0 0.000000000000000000000000000000007043401
0.33333337 0.38095242 0.095238104 0.19047621 0.000000000000000000000000000000007043401 0 0.000000000000000000000000000000005282551
0.33333337 0.38095242 0.095238104 0.19047621 0.000000000000000000000000000000005282551 0 0.0000000000000000000000000000000035217006
0.33333337 0.38095242 0.095238104 0.19047621 0.0000000000000000000000000000000035217006 0 0.0000000000000000000000000000000026412756
0.33333337 0.38095242 0.095238104 0.19047621 0.0000000000000000000000000000000026412756 0 0.0000000000000000000000000000000017608503
0.33333337 0.38095242 0.095238104 0.19047621 0.0000000000000000000000000000000017608503 0 0.0000000000000000000000000000000013206378
0.33333337 0.38095242 0.095238104 0.19047621 0.0000000000000000000000000000000013206378 0 0.0000000000000000000000000000000008804252
0.33333337 0.38095242 0.095238104 0.19047621 0.0000000000000000000000000000000008804252 0 0.0000000000000000000000000000000006603189
0.33333337 0.38095242 0.095238104 0.19047621 0.0000000000000000000000000000000006603189 0 0.0000000000000000000000000000000004402126
0.33333337 0.38095242 0.095238104 0.19047621 0.0000000000000000000000000000000004402126 0 0.00000000000000000000000000000000033015945
0.33333337 0.38095242 0.095238104 0.19047621 0.00000000000000000000000000000000033015945 0 0.0000000000000000000000000000000002201063
0.33333337 0.38095242 0.095238104 0.19047621 0.0000000000000000000000000000000002201063 0 0.00000000000000000000000000000000016507972
0.33333337 0.38095242 0.095238104 0.19047621 0.00000000000000000000000000000000016507972 0 0.00000000000000000000000000000000011005314
0.33333337 0.38095242 0.095238104 0.19047621 0.00000000000000000000000000000000011005314 0 0.00000000000000000000000000000000008253986
0.33333337 0.38095242 0.095238104 0.19047621 0.00000000000000000000000000000000008253986 0 0.00000000000000000000000000000000005502657
0.33333337 0.38095242 0.095238104 0.19047621 0.00000000000000000000000000000000005502657 0 0.00000000000000000000000000000000004126993
0.33333337 0.38095242 0.095238104 0.19047621 0.00000000000000000000000000000000004126993 0 0.000000000000000000000000000000000027513286
0.33333337 0.38095242 0.095238104 0.19047621 0.000000000000000000000000000000000027513286 0 0.000000000000000000000000000000000020634965
0.33333337 0.38095242 0.095238104 0.19047621 0.000000000000000000000000000000000020634965 0 0.000000000000000000000000000000000013756643
0.33333337 0.38095242 0.095238104 0.19047621 0.000000000000000000000000000000000013756643 0 0.000000000000000000000000000000000010317483
0.33333337 0.38095242 0.095238104 0.19047621 0.000000000000000000000000000000000010317483 0 0.0000000000000000000000000000000000068783215
0.33333337 0.38095242 0.095238104 0.19047621 0.0000000000000000000000000000000000068783215 0 0.0000000000000000000000000000000000051587413
0.33333337 0.38095242 0.095238104 0.19047621 0.0000000000000000000000000000000000051587413 0 0.0000000000000000000000000000000000034391608
0.33333337 0.38095242 0.095238104 0.19047621 0.0000000000000000000000000000000000034391608 0 0.0000000000000000000000000000000000025793707
0.33333337 0.38095242 0.095238104 0.19047621 0.0000000000000000000000000000000000025793707 0 0.0000000000000000000000000000000000017195804
0.33333337 0.38095242 0.095238104 0.19047621 0.0000000000000000000000000000000000017195804 0 0.0000000000000000000000000000000000012896853
0.33333337 0.38095242 0.095238104 0.19047621 0.0000000000000000000000000000000000012896853 0 0.0000000000000000000000000000000000008597902
0.33333337 0.38095242 0.095238104 0.19047621 0.0000000000000000000000000000000000008597902 0 0.00000000000000000000000000000000000064484267
0.33333337 0.38095242 0.095238104 0.19047621 0.00000000000000000000000000000000000064484267 0 0.0000000000000000000000000000000000004298951
0.33333337 0.38095242 0.095238104 0.19047621 0.0000000000000000000000000000000000004298951 0 0.00000000000000000000000000000000000032242133
0.33333337 0.38095242 0.095238104 0.19047621 0.00000000000000000000000000000000000032242133 0 0.00000000000000000000000000000000000021494755
0.33333337 0.38095242 0.095238104 0.19047621 0.00000000000000000000000000000000000021494755 0 0.00000000000000000000000000000000000016121067
0.33333337 0.38095242 0.095238104 0.19047621 0.00000000000000000000000000000000000016121067 0 0.00000000000000000000000000000000000010747377
0.33333337 0.38095242 0.095238104 0.19047621 0.00000000000000000000000000000000000010747377 0 0.000000000000000000000000000000000000080605333
0.33333337 0.38095242 0.095238104 0.19047621 0.000000000000000000000000000000000000080605333 0 0.000000000000000000000000000000000000053736887
0.33333337 0.38095242 0.095238104 0.19047621 0.000000000000000000000000000000000000053736887 0 0.000000000000000000000000000000000000040302667
0.33333337 0.38095242 0.095238104 0.19047621 0.000000000000000000000000000000000000040302667 0 0.000000000000000000000000000000000000026868444
0.33333337 0.38095242 0.095238104 0.19047621 0.000000000000000000000000000000000000026868444 0 0.000000000000000000000000000000000000020151333
0.33333337 0.38095242 0.095238104 0.19047621 0.000000000000000000000000000000000000020151333 0 0.000000000000000000000000000000000000013434222
0.33333337 0.38095242 0.095238104 0.19047621 0.000000000000000000000000000000000000013434222 0 0.000000000000000000000000000000000000010075667
0.33333337 0.38095242 0.095238104 0.19047621 0.000000000000000000000000000000000000010075667 0 0.00000000000000000000000000000000000000671711
0.33333337 0.38095242 0.095238104 0.19047621 0.00000000000000000000000000000000000000671711 0 0.000000000000000000000000000000000000005037833
0.33333337 0.38095242 0.095238104 0.19047621 0.000000000000000000000000000000000000005037833 0 0.000000000000000000000000000000000000003358555
0.33333337 0.38095242 0.095238104 0.19047621 0.000000000000000000000000000000000000003358555 0 0.000000000000000000000000000000000000002518917
0.33333337 0.38095242 0.095238104 0.19047621 0.000000000000000000000000000000000000002518917 0 0.000000000000000000000000000000000000001679277
0.33333337 0.38095242 0.095238104 0.19047621 0.000000000000000000000000000000000000001679277 0 0.000000000000000000000000000000000000001259459
0.33333337 0.38095242 0.095238104 0.19047621 0.000000000000000000000000000000000000001259459 0 0.000000000000000000000000000000000000000839638
0.33333337 0.38095242 0.095238104 0.19047621 0.000000000000000000000000000000000000000839638 0 0.00000000000000000000000000000000000000062973
0.33333337 0.38095242 0.095238104 0.19047621 0.00000000000000000000000000000000000000062973 0 0.000000000000000000000000000000000000000419819
0.33333337 0.38095242 0.095238104 0.19047621 0.000000000000000000000000000000000000000419819 0 0.000000000000000000000000000000000000000314865
0.33333337 0.38095242 0.095238104 0.19047621 0.000000000000000000000000000000000000000314865 0 0.000000000000000000000000000000000000000209909
0.33333337 0.38095242 0.095238104 0.19047621 0.000000000000000000000000000000000000000209909 0 0.000000000000000000000000000000000000000157433
0.33333337 0.38095242 0.095238104 0.19047621 0.000000000000000000000000000000000000000157433 0 0.000000000000000000000000000000000000000104954
0.33333337 0.38095242 0.095238104 0.19047621 0.000000000000000000000000000000000000000104954 0 0.000000000000000000000000000000000000000078717
0.33333337 0.38095242 0.095238104 0.19047621 0.000000000000000000000000000000000000000078717 0 0.000000000000000000000000000000000000000052477
0.33333337 0.38095242 0.095238104 0.19047621 0.000000000000000000000000000000000000000052477 0 0.000000000000000000000000000000000000000039358
0.33333337 0.38095242 0.095238104 0.19047621 0.000000000000000000000000000000000000000039358 0 0.000000000000000000000000000000000000000026238
0.33333337 0.38095242 0.095238104 0.19047621 0.000000000000000000000000000000000000000026238 0 0.00000000000000000000000000000000000000001968
0.33333337 0.38095242 0.095238104 0.19047621 0.00000000000000000000000000000000000000001968 0 0.000000000000000000000000000000000000000013119
0.33333337 0.38095242 0.095238104 0.19047621 0.000000000000000000000000000000000000000013119 0 0.00000000000000000000000000000000000000000984
0.33333337 0.38095242 0.095238104 0.19047621 0.00000000000000000000000000000000000000000984 0 0.00000000000000000000000000000000000000000656
0.33333337 0.38095242 0.095238104 0.19047621 0.00000000000000000000000000000000000000000656 0 0.00000000000000000000000000000000000000000492
0.33333337 0.38095242 0.095238104 0.19047621 0.00000000000000000000000000000000000000000492 0 0.000000000000000000000000000000000000000003279
0.33333337 0.38095242 0.095238104 0.19047621 0.000000000000000000000000000000000000000003279 0 0.00000000000000000000000000000000000000000246
0.33333337 0.38095242 0.095238104 0.19047621 0.00000000000000000000000000000000000000000246 0 0.00000000000000000000000000000000000000000164
0.33333337 0.38095242 0.095238104 0.19047621 0.00000000000000000000000000000000000000000164 0 0.00000000000000000000000000000000000000000123
0.33333337 0.38095242 0.095238104 0.19047621 0.00000000000000000000000000000000000000000123 0 0.00000000000000000000000000000000000000000082
0.33333337 0.38095242 0.095238104 0.19047621 0.00000000000000000000000000000000000000000082 0 0.000000000000000000000000000000000000000000615
0.33333337 0.38095242 0.095238104 0.19047621 0.000000000000000000000000000000000000000000615 0 0.000000000000000000000000000000000000000000409
0.33333337 0.38095242 0.095238104 0.19047621 0.000000000000000000000000000000000000000000409 0 0.000000000000000000000000000000000000000000308
0.33333337 0.38095242 0.095238104 0.19047621 0.000000000000000000000000000000000000000000308 0 0.000000000000000000000000000000000000000000205
0.33333337 0.38095242 0.095238104 0.19047621 0.000000000000000000000000000000000000000000205 0 0.000000000000000000000000000000000000000000154
0.33333337 0.38095242 0.095238104 0.19047621 0.000000000000000000000000000000000000000000154 0 0.000000000000000000000000000000000000000000102
0.33333337 0.38095242 0.095238104 0.19047621 0.000000000000000000000000000000000000000000102 0 0.000000000000000000000000000000000000000000077
0.33333337 0.38095242 0.095238104 0.19047621 0.000000000000000000000000000000000000000000077 0 0.00000000000000000000000000000000000000000005
0.33333337 0.38095242 0.095238104 0.19047621 0.00000000000000000000000000000000000000000005 0 0.000000000000000000000000000000000000000000039
0.33333337 0.38095242 0.095238104 0.19047621 0.000000000000000000000000000000000000000000039 0 0.000000000000000000000000000000000000000000025
0.33333337 0.38095242 0.095238104 0.19047621 0.000000000000000000000000000000000000000000025 0 0.00000000000000000000000000000000000000000002
0.33333337 0.38095242 0.095238104 0.19047621 0.00000000000000000000000000000000000000000002 0 0.000000000000000000000000000000000000000000013
0.33333337 0.38095242 0.095238104 0.19047621 0.000000000000000000000000000000000000000000013 0 0.00000000000000000000000000000000000000000001
0.33333337 0.38095242 0.095238104 0.19047621 0.00000000000000000000000000000000000000000001 0 0.000000000000000000000000000000000000000000006
0.33333337 0.38095242 0.095238104 0.19047621 0.000000000000000000000000000000000000000000006 0 0.000000000000000000000000000000000000000000006
0.33333337 0.38095242 0.095238104 0.19047621 0.000000000000000000000000000000000000000000006 0 0.000000000000000000000000000000000000000000003
0.33333337 0.38095242 0.095238104 0.19047621 0.000000000000000000000000000000000000000000003 0 0.000000000000000000000000000000000000000000003
0.33333337 0.38095242 0.095238104 0.19047621 0.000000000000000000000000000000000000000000003 0 0.000000000000000000000000000000000000000000001
0.33333337 0.38095242 0.095238104 0.19047621 0.000000000000000000000000000000000000000000001 0 0.000000000000000000000000000000000000000000001
0.33333337 0.38095242 0.095238104 0.19047621 0.000000000000000000000000000000000000000000001 0 0
0.33333337 0.38095242 0.095238104 0.19047621 0 0 0
0.33333337 0.38095242 0.095238104 0.19047621 0 0 0
0.33333337 0.38095242 0.095238104 0.19047621 0 0 0
0.33333337 0.38095242 0.095238104 0.19047621 0 0 0
0.33333337 0.38095242 0.095238104 0.19047621 0 0 0
0.33333337 0.38095242 0.095238104 0.19047621 0 0 0
0.33333337 0.38095242 0.095238104 0.19047621 0 0 0
0.33333337 0.38095242 0.095238104 0.19047621 0 0 0
0.33333337 0.38095242 0.095238104 0.19047621 0 0 0
0.33333337 0.38095242 0.095238104 0.19047621 0 0 0
0.33333337 0.38095242 0.095238104 0.19047621 0 0 0
0.33333337 0.38095242 0.095238104 0.19047621 0 0 0
0.33333337 0.38095242 0.095238104 0.19047621 0 0 0
0.33333337 0.38095242 0.095238104 0.19047621 0 0 0
0.33333337 0.38095242 0.095238104 0.19047621 0 0 0
0.33333337 0.38095242 0.095238104 0.19047621 0 0 0
0.33333337 0.38095242 0.095238104 0.19047621 0 0 0
0.33333337 0.38095242 0.095238104 0.19047621 0 0 0
0.33333337 0.38095242 0.095238104 0.19047621 0 0 0
0.33333337 0.38095242 0.095238104 0.19047621 0 0 0
0.33333337 0.38095242 0.095238104 0.19047621 0 0 0
0.33333337 0.38095242 0.095238104 0.19047621 0 0 0
0.33333337 0.38095242 0.095238104 0.19047621 0 0 0
0.33333337 0.38095242 0.095238104 0.19047621 0 0 0
0.33333337 0.38095242 0.095238104 0.19047621 0 0 0
0.33333337 0.38095242 0.095238104 0.19047621 0 0 0
0.33333337 0.38095242 0.095238104 0.19047621 0 0 0
0.33333337 0.38095242 0.095238104 0.19047621 0 0 0
0.33333337 0.38095242 0.095238104 0.19047621 0 0 0
0.33333337 0.38095242 0.095238104 0.19047621 0 0 0
0.33333337 0.38095242 0.095238104 0.19047621 0 0 0
0.33333337 0.38095242 0.095238104 0.19047621 0 0 0
0.33333337 0.38095242 0.095238104 0.19047621 0 0 0
0.33333337 0.38095242 0.095238104 0.19047621 0 0 0
0.33333337 0.38095242 0.095238104 0.19047621 0 0 0
0.33333337 0.38095242 0.095238104 0.19047621 0 0 0
0.33333337 0.38095242 0.095238104 0.19047621 0 0 0
0.33333337 0.38095242 0.095238104 0.19047621 0 0 0
0.33333337 0.38095242 0.095238104 0.19047621 0 0 0
0.33333337 0.38095242 0.095238104 0.19047621 0 0 0
0.33333337 0.38095242 0.095238104 0.19047621 0 0 0
0.33333337 0.38095242 0.095238104 0.19047621 0 0 0
0.33333337 0.38095242 0.095238104 0.19047621 0 0 0
0.33333337 0.38095242 0.095238104 0.19047621 0 0 0
0.33333337 0.38095242 0.095238104 0.19047621 0 0 0
0.33333337 0.38095242 0.095238104 0.19047621 0 0 0
0.33333337 0.38095242 0.095238104 0.19047621 0 0 0
0.33333337 0.38095242 0.095238104 0.19047621 0 0 0
0.33333337 0.38095242 0.095238104 0.19047621 0 0 0
0.33333337 0.38095242 0.095238104 0.19047621 0 0 0
0.33333337 0.38095242 0.095238104 0.19047621 0 0 0
0.33333337 0.38095242 0.095238104 0.19047621 0 0 0
0.33333337 0.38095242 0.095238104 0.19047621 0 0 0
0.33333337 0.38095242 0.095238104 0.19047621 0 0 0
0.33333337 0.38095242 0.095238104 0.19047621 0 0 0
0.33333337 0.38095242 0.095238104 0.19047621 0 0 0
0.33333337 0.38095242 0.095238104 0.19047621 0 0 0
0.33333337 0.38095242 0.095238104 0.19047621 0 0 0
0.33333337 0.38095242 0.095238104 0.19047621 0 0 0
0.33333337 0.38095242 0.095238104 0.19047621 0 0 0
0.33333337 0.38095242 0.095238104 0.19047621 0 0 0
0.33333337 0.38095242 0.095238104 0.19047621 0 0 0
0.33333337 0.38095242 0.095238104 0.19047621 0 0 0
0.33333337 0.38095242 0.095238104 0.19047621 0 0 0
0.33333337 0.38095242 0.095238104 0.19047621 0 0 0
0.33333337 0.38095242 0.095238104 0.19047621 0 0 0
0.33333337 0.38095242 0.095238104 0.19047621 0 0 0
0.33333337 0.38095242 0.095238104 0.19047621 0 0 0
0.33333337 0.38095242 0.095238104 0.19047621 0 0 0
0.33333337 0.38095242 0.095238104 0.19047621 0 0 0
0.33333337 0.38095242 0.095238104 0.19047621 0 0 0
0.33333337 0.38095242 0.095238104 0.19047621 0 0 0
0.33333337 0.38095242 0.095238104 0.19047621 0 0 0
0.33333337 0.38095242 0.095238104 0.19047621 0 0 0
0.33333337 0.38095242 0.095238104 0.19047621 0 0 0
0.33333337 0.38095242 0.095238104 0.19047621 0 0 0
0.33333337 0.38095242 0.095238104 0.19047621 0 0 0
0.33333337 0.38095242 0.095238104 0.19047621 0 0 0
0.33333337 0.38095242 0.095238104 0.19047621 0 0 0
0.33333337 0.38095242 0.095238104 0.19047621 0 0 0
0.33333337 0.38095242 0.095238104 0.19047621 0 0 0
0.33333337 0.38095242 0.095238104 0.19047621 0 0 0
0.33333337 0.38095242 0.095238104 0.19047621 0 0 0
0.33333337 0.38095242 0.095238104 0.19047621 0 0 0
0.33333337 0.38095242 0.095238104 0.19047621 0 0 0
0.33333337 0.38095242 0.095238104 0.19047621 0 0 0
0.33333337 0.38095242 0.095238104 0.19047621 0 0 0
0.33333337 0.38095242 0.095238104 0.19047621 0 0 0
0.33333337 0.38095242 0.095238104 0.19047621 0 0 0
0.33333337 0.38095242 0.095238104 0.19047621 0 0 0
0.33333337 0.38095242 0.095238104 0.19047621 0 0 0
0.33333337 0.38095242 0.095238104 0.19047621 0 0 0
0.33333337 0.38095242 0.095238104 0.19047621 0 0 0
0.33333337 0.38095242 0.095238104 0.19047621 0 0 0
0.33333337 0.38095242 0.095238104 0.19047621 0 0 0
0.33333337 0.38095242 0.095238104 0.19047621 0 0 0
0.33333337 0.38095242 0.095238104 0.19047621 0 0 0
0.33333337 0.38095242 0.095238104 0.19047621 0 0 0
0.33333337 0.38095242 0.095238104 0.19047621 0 0 0
0.33333337 0.38095242 0.095238104 0.19047621 0 0 0
0.33333337 0.38095242 0.095238104 0.19047621 0 0 0
0.33333337 0.38095242 0.095238104 0.19047621 0 0 0
0.33333337 0.38095242 0.095238104 0.19047621 0 0 0
0.33333337 0.38095242 0.095238104 0.19047621 0 0 0
0.33333337 0.38095242 0.095238104 0.19047621 0 0 0
0.33333337 0.38095242 0.095238104 0.19047621 0 0 0
0.33333337 0.38095242 0.095238104 0.19047621 0 0 0
0.33333337 0.38095242 0.095238104 0.19047621 0 0 0
0.33333337 0.38095242 0.095238104 0.19047621 0 0 0
0.33333337 0.38095242 0.095238104 0.19047621 0 0 0
0.33333337 0.38095242 0.095238104 0.19047621 0 0 0
0.33333337 0.38095242 0.095238104 0.19047621 0 0 0
0.33333337 0.38095242 0.095238104 0.19047621 0 0 0
0.33333337 0.38095242 0.095238104 0.19047621 0 0 0
0.33333337 0.38095242 0.095238104 0.19047621 0 0 0
0.33333337 0.38095242 0.095238104 0.19047621 0 0 0
0.33333337 0.38095242 0.095238104 0.19047621 0 0 0
0.33333337 0.38095242 0.095238104 0.19047621 0 0 0
0.33333337 0.38095242 0.095238104 0.19047621 0 0 0
0.33333337 0.38095242 0.095238104 0.19047621 0 0 0
0.33333337 0.38095242 0.095238104 0.19047621 0 0 0
0.33333337 0.38095242 0.095238104 0.19047621 0 0 0
0.33333337 0.38095242 0.095238104 0.19047621 0 0 0
0.33333337 0.38095242 0.095238104 0.19047621 0 0 0
0.33333337 0.38095242 0.095238104 0.19047621 0 0 0
0.33333337 0.38095242 0.095238104 0.19047621 0 0 0
0.33333337 0.38095242 0.095238104 0.19047621 0 0 0
0.33333337 0.38095242 0.095238104 0.19047621 0 0 0
0.33333337 0.38095242 0.095238104 0.19047621 0 0 0
0.33333337 0.38095242 0.095238104 0.19047621 0 0 0
0.33333337 0.38095242 0.095238104 0.19047621 0 0 0
0.33333337 0.38095242 0.095238104 0.19047621 0 0 0
0.33333337 0.38095242 0.095238104 0.19047621 0 0 0
0.33333337 0.38095242 0.095238104 0.19047621 0 0 0
0.33333337 0.38095242 0.095238104 0.19047621 0 0 0
0.33333337 0.38095242 0.095238104 0.19047621 0 0 0
0.33333337 0.38095242 0.095238104 0.19047621 0 0 0
0.33333337 0.38095242 0.095238104 0.19047621 0 0 0
0.33333337 0.38095242 0.095238104 0.19047621 0 0 0
0.33333337 0.38095242 0.095238104 0.19047621 0 0 0
0.33333337 0.38095242 0.095238104 0.19047621 0 0 0
0.33333337 0.38095242 0.095238104 0.19047621 0 0 0
0.33333337 0.38095242 0.095238104 0.19047621 0 0 0
0.33333337 0.38095242 0.095238104 0.19047621 0 0 0
0.33333337 0.38095242 0.095238104 0.19047621 0 0 0
0.33333337 0.38095242 0.095238104 0.19047621 0 0 0
0.33333337 0.38095242 0.095238104 0.19047621 0 0 0
0.33333337 0.38095242 0.095238104 0.19047621 0 0 0
0.33333337 0.38095242 0.095238104 0.19047621 0 0 0
0.33333337 0.38095242 0.095238104 0.19047621 0 0 0
0.33333337 0.38095242 0.095238104 0.19047621 0 0 0
0.33333337 0.38095242 0.095238104 0.19047621 0 0 0
0.33333337 0.38095242 0.095238104 0.19047621 0 0 0
0.33333337 0.38095242 0.095238104 0.19047621 0 0 0
0.33333337 0.38095242 0.095238104 0.19047621 0 0 0
0.33333337 0.38095242 0.095238104 0.19047621 0 0 0
0.33333337 0.38095242 0.095238104 0.19047621 0 0 0
0.33333337 0.38095242 0.095238104 0.19047621 0 0 0
0.33333337 0.38095242 0.095238104 0.19047621 0 0 0
0.33333337 0.38095242 0.095238104 0.19047621 0 0 0
0.33333337 0.38095242 0.095238104 0.19047621 0 0 0
0.33333337 0.38095242 0.095238104 0.19047621 0 0 0
0.33333337 0.38095242 0.095238104 0.19047621 0 0 0
0.33333337 0.38095242 0.095238104 0.19047621 0 0 0
0.33333337 0.38095242 0.095238104 0.19047621 0 0 0
0.33333337 0.38095242 0.095238104 0.19047621 0 0 0
0.33333337 0.38095242 0.095238104 0.19047621 0 0 0
0.33333337 0.38095242 0.095238104 0.19047621 0 0 0
0.33333337 0.38095242 0.095238104 0.19047621 0 0 0
0.33333337 0.38095242 0.095238104 0.19047621 0 0 0
0.33333337 0.38095242 0.095238104 0.19047621 0 0 0
0.33333337 0.38095242 0.095238104 0.19047621 0 0 0
0.33333337 0.38095242 0.095238104 0.19047621 0 0 0
0.33333337 0.38095242 0.095238104 0.19047621 0 0 0
0.33333337 0.38095242 0.095238104 0.19047621 0 0 0
0.33333337 0.38095242 0.095238104 0.19047621 0 0 0
0.33333337 0.38095242 0.095238104 0.19047621 0 0 0
0.33333337 0.38095242 0.095238104 0.19047621 0 0 0
0.33333337 0.38095242 0.095238104 0.19047621 0 0 0
0.33333337 0.38095242 0.095238104 0.19047621 0 0 0
0.33333337 0.38095242 0.095238104 0.19047621 0 0 0
0.33333337 0.38095242 0.095238104 0.19047621 0 0 0
0.33333337 0.38095242 0.095238104 0.19047621 0 0 0
0.33333337 0.38095242 0.095238104 0.19047621 0 0 0
0.33333337 0.38095242 0.095238104 0.19047621 0 0 0
0.33333337 0.38095242 0.095238104 0.19047621 0 0 0
0.33333337 0.38095242 0.095238104 0.19047621 0 0 0
0.33333337 0.38095242 0.095238104 0.19047621 0 0 0
0.33333337 0.38095242 0.095238104 0.19047621 0 0 0
0.33333337 0.38095242 0.095238104 0.19047621 0 0 0
0.33333337 0.38095242 0.095238104 0.19047621 0 0 0
0.33333337 0.38095242 0.095238104 0.19047621 0 0 0
0.33333337 0.38095242 0.095238104 0.19047621 0 0 0
0.33333337 0.38095242 0.095238104 0.19047621 0 0 0
0.33333337 0.38095242 0.095238104 0.19047621 0 0 0
0.33333337 0.38095242 0.095238104 0.19047621 0 0 0
0.33333337 0.38095242 0.095238104 0.19047621 0 0 0
0.33333337 0.38095242 0.095238104 0.19047621 0 0 0
0.33333337 0.38095242 0.095238104 0.19047621 0 0 0
0.33333337 0.38095242 0.095238104 0.19047621 0 0 0
0.33333337 0.38095242 0.095238104 0.19047621 0 0 0
0.33333337 0.38095242 0.095238104 0.19047621 0 0 0
0.33333337 0.38095242 0.095238104 0.19047621 0 0 0
0.33333337 0.38095242 0.095238104 0.19047621 0 0 0
0.33333337 0.38095242 0.095238104 0.19047621 0 0 0
0.33333337 0.38095242 0.095238104 0.19047621 0 0 0
0.33333337 0.38095242 0.095238104 0.19047621 0 0 0
0.33333337 0.38095242 0.095238104 0.19047621 0 0 0
0.33333337 0.38095242 0.095238104 0.19047621 0 0 0
0.33333337 0.38095242 0.095238104 0.19047621 0 0 0
0.33333337 0.38095242 0.095238104 0.19047621 0 0 0
0.33333337 0.38095242 0.095238104 0.19047621 0 0 0
0.33333337 0.38095242 0.095238104 0.19047621 0 0 0
0.33333337 0.38095242 0.095238104 0.19047621 0 0 0
0.33333337 0.38095242 0.095238104 0.19047621 0 0 0
0.33333337 0.38095242 0.095238104 0.19047621 0 0 0
0.33333337 0.38095242 0.095238104 0.19047621 0 0 0
0.33333337 0.38095242 0.095238104 0.19047621 0 0 0
0.33333337 0.38095242 0.095238104 0.19047621 0 0 0
0.33333337 0.38095242 0.095238104 0.19047621 0 0 0
0.33333337 0.38095242 0.095238104 0.19047621 0 0 0
0.33333337 0.38095242 0.095238104 0.19047621 0 0 0
0.33333337 0.38095242 0.095238104 0.19047621 0 0 0
0.33333337 0.38095242 0.095238104 0.19047621 0 0 0
0.33333337 0.38095242 0.095238104 0.19047621 0 0 0
0.33333337 0.38095242 0.095238104 0.19047621 0 0 0
0.33333337 0.38095242 0.095238104 0.19047621 0 0 0
0.33333337 0.38095242 0.095238104 0.19047621 0 0 0
0.33333337 0.38095242 0.095238104 0.19047621 0 0 0
0.33333337 0.38095242 0.095238104 0.19047621 0 0 0
0.33333337 0.38095242 0.095238104 0.19047621 0 0 0
0.33333337 0.38095242 0.095238104 0.19047621 0 0 0
0.33333337 0.38095242 0.095238104 0.19047621 0 0 0
0.33333337 0.38095242 0.095238104 0.19047621 0 0 0
0.33333337 0.38095242 0.095238104 0.19047621 0 0 0
0.33333337 0.38095242 0.095238104 0.19047621 0 0 0
0.33333337 0.38095242 0.095238104 0.19047621 0 0 0
0.33333337 0.38095242 0.095238104 0.19047621 0 0 0
0.33333337 0.38095242 0.095238104 0.19047621 0 0 0
0.33333337 0.38095242 0.095238104 0.19047621 0 0 0
0.33333337 0.38095242 0.095238104 0.19047621 0 0 0
0.33333337 0.38095242 0.095238104 0.19047621 0 0 0
0.33333337 0.38095242 0.095238104 0.19047621 0 0 0
0.33333337 0.38095242 0.095238104 0.19047621 0 0 0
0.33333337 0.38095242 0.095238104 0.19047621 0 0 0
0.33333337 0.38095242 0.095238104 0.19047621 0 0 0
0.33333337 0.38095242 0.095238104 0.19047621 0 0 0
0.33333337 0.38095242 0.095238104 0.19047621 0 0 0
0.33333337 0.38095242 0.095238104 0.19047621 0 0 0
0.33333337 0.38095242 0.095238104 0.19047621 0 0 0
0.33333337 0.38095242 0.095238104 0.19047621 0 0 0
0.33333337 0.38095242 0.095238104 0.19047621 0 0 0
0.33333337 0.38095242 0.095238104 0.19047621 0 0 0
0.33333337 0.38095242 0.095238104 0.19047621 0 0 0
0.33333337 0.38095242 0.095238104 0.19047621 0 0 0
0.33333337 0.38095242 0.095238104 0.19047621 0 0 0
0.33333337 0.38095242 0.095238104 0.19047621 0 0 0
0.33333337 0.38095242 0.095238104 0.19047621 0 0 0
0.33333337 0.38095242 0.095238104 0.19047621 0 0 0
0.33333337 0.38095242 0.095238104 0.19047621 0 0 0
0.33333337 0.38095242 0.095238104 0.19047621 0 0 0
0.33333337 0.38095242 0.095238104 0.19047621 0 0 0
0.33333337 0.38095242 0.095238104 0.19047621 0 0 0
0.33333337 0.38095242 0.095238104 0.19047621 0 0 0
0.33333337 0.38095242 0.095238104 0.19047621 0 0 0
0.33333337 0.38095242 0.095238104 0.19047621 0 0 0
0.33333337 0.38095242 0.095238104 0.19047621 0 0 0
0.33333337 0.38095242 0.095238104 0.19047621 0 0 0
0.33333337 0.38095242 0.095238104 0.19047621 0 0 0
0.33333337 0.38095242 0.095238104 0.19047621 0 0 0
0.33333337 0.38095242 0.095238104 0.19047621 0 0 0
0.33333337 0.38095242 0.095238104 0.19047621 0 0 0
0.33333337 0.38095242 0.095238104 0.19047621 0 0 0
0.33333337 0.38095242 0.095238104 0.19047621 0 0 0
0.33333337 0.38095242 0.095238104 0.19047621 0 0 0
0.33333337 0.38095242 0.095238104 0.19047621 0 0 0
0.33333337 0.38095242 0.095238104 0.19047621 0 0 0
0.33333337 0.38095242 0.095238104 0.19047621 0 0 0
0.33333337 0.38095242 0.095238104 0.19047621 0 0 0
0.33333337 0.38095242 0.095238104 0.19047621 0 0 0
0.33333337 0.38095242 0.095238104 0.19047621 0 0 0
0.33333337 0.38095242 0.095238104 0.19047621 0 0 0
0.33333337 0.38095242 0.095238104 0.19047621 0 0 0
0.33333337 0.38095242 0.095238104 0.19047621 0 0 0
0.33333337 0.38095242 0.095238104 0.19047621 0 0 0
0.33333337 0.38095242 0.095238104 0.19047621 0 0 0
0.33333337 0.38095242 0.095238104 0.19047621 0 0 0
0.33333337 0.38095242 0.095238104 0.19047621 0 0 0
0.33333337 0.38095242 0.095238104 0.19047621 0 0 0
0.33333337 0.38095242 0.095238104 0.19047621 0 0 0
0.33333337 0.38095242 0.095238104 0.19047621 0 0 0
0.33333337 0.38095242 0.095238104 0.19047621 0 0 0
0.33333337 0.38095242 0.095238104 0.19047621 0 0 0
0.33333337 0.38095242 0.095238104 0.19047621 0 0 0
0.33333337 0.38095242 0.095238104 0.19047621 0 0 0
0.33333337 0.38095242 0.095238104 0.19047621 0 0 0
0.33333337 0.38095242 0.095238104 0.19047621 0 0 0
0.33333337 0.38095242 0.095238104 0.19047621 0 0 0
0.33333337 0.38095242 0.095238104 0.19047621 0 0 0
0.33333337 0.38095242 0.095238104 0.19047621 0 0 0
0.33333337 0.38095242 0.095238104 0.19047621 0 0 0
0.33333337 0.38095242 0.095238104 0.19047621 0 0 0
0.33333337 0.38095242 0.095238104 0.19047621 0 0 0
0.33333337 0.38095242 0.095238104 0.19047621 0 0 0
0.33333337 0.38095242 0.095238104 0.19047621 0 0 0
0.33333337 0.38095242 0.095238104 0.19047621 0 0 0
0.33333337 0.38095242 0.095238104 0.19047621 0 0 0
0.33333337 0.38095242 0.095238104 0.19047621 0 0 0
0.33333337 0.38095242 0.095238104 0.19047621 0 0 0
0.33333337 0.38095242 0.095238104 0.19047621 0 0 0
0.33333337 0.38095242 0.095238104 0.19047621 0 0 0
0.33333337 0.38095242 0.095238104 0.19047621 0 0 0
0.33333337 0.38095242 0.095238104 0.19047621 0 0 0
0.33333337 0.38095242 0.095238104 0.19047621 0 0 0
0.33333337 0.38095242 0.095238104 0.19047621 0 0 0
0.33333337 0.38095242 0.095238104 0.19047621 0 0 0
0.33333337 0.38095242 0.095238104 0.19047621 0 0 0
0.33333337 0.38095242 0.095238104 0.19047621 0 0 0
0.33333337 0.38095242 0.095238104 0.19047621 0 0 0
0.33333337 0.38095242 0.095238104 0.19047621 0 0 0
0.33333337 0.38095242 0.095238104 0.19047621 0 0 0
0.33333337 0.38095242 0.095238104 0.19047621 0 0 0
0.33333337 0.38095242 0.095238104 0.19047621 0 0 0
0.33333337 0.38095242 0.095238104 0.19047621 0 0 0
0.33333337 0.38095242 0.095238104 0.19047621 0 0 0
0.33333337 0.38095242 0.095238104 0.19047621 0 0 0
0.33333337 0.38095242 0.095238104 0.19047621 0 0 0
0.33333337 0.38095242 0.095238104 0.19047621 0 0 0
0.33333337 0.38095242 0.095238104 0.19047621 0 0 0
0.33333337 0.38095242 0.095238104 0.19047621 0 0 0
0.33333337 0.38095242 0.095238104 0.19047621 0 0 0
0.33333337 0.38095242 0.095238104 0.19047621 0 0 0
0.33333337 0.38095242 0.095238104 0.19047621 0 0 0
0.33333337 0.38095242 0.095238104 0.19047621 0 0 0
0.33333337 0.38095242 0.095238104 0.19047621 0 0 0
0.33333337 0.38095242 0.095238104 0.19047621 0 0 0
0.33333337 0.38095242 0.095238104 0.19047621 0 0 0
0.33333337 0.38095242 0.095238104 0.19047621 0 0 0
0.33333337 0.38095242 0.095238104 0.19047621 0 0 0
0.33333337 0.38095242 0.095238104 0.19047621 0 0 0
0.33333337 0.38095242 0.095238104 0.19047621 0 0 0
0.33333337 0.38095242 0.095238104 0.19047621 0 0 0
0.33333337 0.38095242 0.095238104 0.19047621 0 0 0
0.33333337 0.38095242 0.095238104 0.19047621 0 0 0
0.33333337 0.38095242 0.095238104 0.19047621 0 0 0
0.33333337 0.38095242 0.095238104 0.19047621 0 0 0
0.33333337 0.38095242 0.095238104 0.19047621 0 0 0
0.33333337 0.38095242 0.095238104 0.19047621 0 0 0
0.33333337 0.38095242 0.095238104 0.19047621 0 0 0
0.33333337 0.38095242 0.095238104 0.19047621 0 0 0
0.33333337 0.38095242 0.095238104 0.19047621 0 0 0
0.33333337 0.38095242 0.095238104 0.19047621 0 0 0
0.33333337 0.38095242 0.095238104 0.19047621 0 0 0
0.33333337 0.38095242 0.095238104 0.19047621 0 0 0
0.33333337 0.38095242 0.095238104 0.19047621 0 0 0
0.33333337 0.38095242 0.095238104 0.19047621 0 0 0
0.33333337 0.38095242 0.095238104 0.19047621 0 0 0
0.33333337 0.38095242 0.095238104 0.19047621 0 0 0
0.33333337 0.38095242 0.095238104 0.19047621 0 0 0
0.33333337 0.38095242 0.095238104 0.19047621 0 0 0
0.33333337 0.38095242 0.095238104 0.19047621 0 0 0
0.33333337 0.38095242 0.095238104 0.19047621 0 0 0
0.33333337 0.38095242 0.095238104 0.19047621 0 0 0
0.33333337 0.38095242 0.095238104 0.19047621 0 0 0
0.33333337 0.38095242 0.095238104 0.19047621 0 0 0
0.33333337 0.38095242 0.095238104 0.19047621 0 0 0
0.33333337 0.38095242 0.095238104 0.19047621 0 0 0
0.33333337 0.38095242 0.095238104 0.19047621 0 0 0
0.33333337 0.38095242 0.095238104 0.19047621 0 0 0
0.33333337 0.38095242 0.095238104 0.19047621 0 0 0
0.33333337 0.38095242 0.095238104 0.19047621 0 0 0
0.33333337 0.38095242 0.095238104 0.19047621 0 0 0
0.33333337 0.38095242 0.095238104 0.19047621 0 0 0
0.33333337 0.38095242 0.095238104 0.19047621 0 0 0
0.33333337 0.38095242 0.095238104 0.19047621 0 0 0
0.33333337 0.38095242 0.095238104 0.19047621 0 0 0
0.33333337 0.38095242 0.095238104 0.19047621 0 0 0
0.33333337 0.38095242 0.095238104 0.19047621 0 0 0
0.33333337 0.38095242 0.095238104 0.19047621 0 0 0
0.33333337 0.38095242 0.095238104 0.19047621 0 0 0
0.33333337 0.38095242 0.095238104 0.19047621 0 0 0
0.33333337 0.38095242 0.095238104 0.19047621 0 0 0
0.33333337 0.38095242 0.095238104 0.19047621 0 0 0
0.33333337 0.38095242 0.095238104 0.19047621 0 0 0
0.33333337 0.38095242 0.095238104 0.19047621 0 0 0
0.33333337 0.38095242 0.095238104 0.19047621 0 0 0
0.33333337 0.38095242 0.095238104 0.19047621 0 0 0
0.33333337 0.38095242 0.095238104 0.19047621 0 0 0
0.33333337 0.38095242 0.095238104 0.19047621 0 0 0
0.33333337 0.38095242 0.095238104 0.19047621 0 0 0
0.33333337 0.38095242 0.095238104 0.19047621 0 0 0
0.33333337 0.38095242 0.095238104 0.19047621 0 0 0
0.33333337 0.38095242 0.095238104 0.19047621 0 0 0
0.33333337 0.38095242 0.095238104 0.19047621 0 0 0
0.33333337 0.38095242 0.095238104 0.19047621 0 0 0
0.33333337 0.38095242 0.095238104 0.19047621 0 0 0
0.33333337 0.38095242 0.095238104 0.19047621 0 0 0
0.33333337 0.38095242 0.095238104 0.19047621 0 0 0
0.33333337 0.38095242 0.095238104 0.19047621 0 0 0
0.33333337 0.38095242 0.095238104 0.19047621 0 0 0
0.33333337 0.38095242 0.095238104 0.19047621 0 0 0
0.33333337 0.38095242 0.095238104 0.19047621 0 0 0
0.33333337 0.38095242 0.095238104 0.19047621 0 0 0
0.33333337 0.38095242 0.095238104 0.19047621 0 0 0
0.33333337 0.38095242 0.095238104 0.19047621 0 0 0
0.33333337 0.38095242 0.095238104 0.19047621 0 0 0
0.33333337 0.38095242 0.095238104 0.19047621 0 0 0
0.33333337 0.38095242 0.095238104 0.19047621 0 0 0
0.33333337 0.38095242 0.095238104 0.19047621 0 0 0
0.33333337 0.38095242 0.095238104 0.19047621 0 0 0
0.33333337 0.38095242 0.095238104 0.19047621 0 0 0
0.33333337 0.38095242 0.095238104 0.19047621 0 0 0
0.33333337 0.38095242 0.095238104 0.19047621 0 0 0
0.33333337 0.38095242 0.095238104 0.19047621 0 0 0
0.33333337 0.38095242 0.095238104 0.19047621 0 0 0
0.33333337 0.38095242 0.095238104 0.19047621 0 0 0
0.33333337 0.38095242 0.095238104 0.19047621 0 0 0
0.33333337 0.38095242 0.095238104 0.19047621 0 0 0
0.33333337 0.38095242 0.095238104 0.19047621 0 0 0
0.33333337 0.38095242 0.095238104 0.19047621 0 0 0
0.33333337 0.38095242 0.095238104 0.19047621 0 0 0
0.33333337 0.38095242 0.095238104 0.19047621 0 0 0
0.33333337 0.38095242 0.095238104 0.19047621 0 0 0
0.33333337 0.38095242 0.095238104 0.19047621 0 0 0
0.33333337 0.38095242 0.095238104 0.19047621 0 0 0
0.33333337 0.38095242 0.095238104 0.19047621 0 0 0
0.33333337 0.38095242 0.095238104 0.19047621 0 0 0
0.33333337 0.38095242 0.095238104 0.19047621 0 0 0
0.33333337 0.38095242 0.095238104 0.19047621 0 0 0
0.33333337 0.38095242 0.095238104 0.19047621 0 0 0
0.33333337 0.38095242 0.095238104 0.19047621 0 0 0
0.33333337 0.38095242 0.095238104 0.19047621 0 0 0
0.33333337 0.38095242 0.095238104 0.19047621 0 0 0
0.33333337 0.38095242 0.095238104 0.19047621 0 0 0
0.33333337 0.38095242 0.095238104 0.19047621 0 0 0
0.33333337 0.38095242 0.095238104 0.19047621 0 0 0
0.33333337 0.38095242 0.095238104 0.19047621 0 0 0
0.33333337 0.38095242 0.095238104 0.19047621 0 0 0
0.33333337 0.38095242 0.095238104 0.19047621 0 0 0
0.33333337 0.38095242 0.095238104 0.19047621 0 0 0
0.33333337 0.38095242 0.095238104 0.19047621 0 0 0
0.33333337 0.38095242 0.095238104 0.19047621 0 0 0
0.33333337 0.38095242 0.095238104 0.19047621 0 0 0
0.33333337 0.38095242 0.095238104 0.19047621 0 0 0
0.33333337 0.38095242 0.095238104 0.19047621 0 0 0
0.33333337 0.38095242 0.095238104 0.19047621 0 0 0
0.33333337 0.38095242 0.095238104 0.19047621 0 0 0
0.33333337 0.38095242 0.095238104 0.19047621 0 0 0
0.33333337 0.38095242 0.095238104 0.19047621 0 0 0
0.33333337 0.38095242 0.095238104 0.19047621 0 0 0
0.33333337 0.38095242 0.095238104 0.19047621 0 0 0
0.33333337 0.38095242 0.095238104 0.19047621 0 0 0
0.33333337 0.38095242 0.095238104 0.19047621 0 0 0
0.33333337 0.38095242 0.095238104 0.19047621 0 0 0
0.33333337 0.38095242 0.095238104 0.19047621 0 0 0
0.33333337 0.38095242 0.095238104 0.19047621 0 0 0
0.33333337 0.38095242 0.095238104 0.19047621 0 0 0
0.33333337 0.38095242 0.095238104 0.19047621 0 0 0
0.33333337 0.38095242 0.095238104 0.19047621 0 0 0
0.33333337 0.38095242 0.095238104 0.19047621 0 0 0
0.33333337 0.38095242 0.095238104 0.19047621 0 0 0
0.33333337 0.38095242 0.095238104 0.19047621 0 0 0
0.33333337 0.38095242 0.095238104 0.19047621 0 0 0
0.33333337 0.38095242 0.095238104 0.19047621 0 0 0
0.33333337 0.38095242 0.095238104 0.19047621 0 0 0
0.33333337 0.38095242 0.095238104 0.19047621 0 0 0
0.33333337 0.38095242 0.095238104 0.19047621 0 0 0
0.33333337 0.38095242 0.095238104 0.19047621 0 0 0
0.33333337 0.38095242 0.095238104 0.19047621 0 0 0
0.33333337 0.38095242 0.095238104 0.19047621 0 0 0
0.33333337 0.38095242 0.095238104 0.19047621 0 0 0
0.33333337 0.38095242 0.095238104 0.19047621 0 0 0
0.33333337 0.38095242 0.095238104 0.19047621 0 0 0
0.33333337 0.38095242 0.095238104 0.19047621 0 0 0
0.33333337 0.38095242 0.095238104 0.19047621 0 0 0
0.33333337 0.38095242 0.095238104 0.19047621 0 0 0
0.33333337 0.38095242 0.095238104 0.19047621 0 0 0
0.33333337 0.38095242 0.095238104 0.19047621 0 0 0
0.33333337 0.38095242 0.095238104 0.19047621 0 0 0
0.33333337 0.38095242 0.095238104 0.19047621 0 0 0
0.33333337 0.38095242 0.095238104 0.19047621 0 0 0
0.33333337 0.38095242 0.095238104 0.19047621 0 0 0
0.33333337 0.38095242 0.095238104 0.19047621 0 0 0
0.33333337 0.38095242 0.095238104 0.19047621 0 0 0
0.33333337 0.38095242 0.095238104 0.19047621 0 0 0
0.33333337 0.38095242 0.095238104 0.19047621 0 0 0
0.33333337 0.38095242 0.095238104 0.19047621 0 0 0
0.33333337 0.38095242 0.095238104 0.19047621 0 0 0
0.33333337 0.38095242 0.095238104 0.19047621 0 0 0
0.33333337 0.38095242 0.095238104 0.19047621 0 0 0
0.33333337 0.38095242 0.095238104 0.19047621 0 0 0
0.33333337 0.38095242 0.095238104 0.19047621 0 0 0
0.33333337 0.38095242 0.095238104 0.19047621 0 0 0
0.33333337 0.38095242 0.095238104 0.19047621 0 0 0
0.33333337 0.38095242 0.095238104 0.19047621 0 0 0
0.33333337 0.38095242 0.095238104 0.19047621 0 0 0
0.33333337 0.38095242 0.095238104 0.19047621 0 0 0
0.33333337 0.38095242 0.095238104 0.19047621 0 0 0
0.33333337 0.38095242 0.095238104 0.19047621 0 0 0
0.33333337 0.38095242 0.095238104 0.19047621 0 0 0
0.33333337 0.38095242 0.095238104 0.19047621 0 0 0
0.33333337 0.38095242 0.095238104 0.19047621 0 0 0
0.33333337 0.38095242 0.095238104 0.19047621 0 0 0
0.33333337 0.38095242 0.095238104 0.19047621 0 0 0
0.33333337 0.38095242 0.095238104 0.19047621 0 0 0
0.33333337 0.38095242 0.095238104 0.19047621 0 0 0
0.33333337 0.38095242 0.095238104 0.19047621 0 0 0
0.33333337 0.38095242 0.095238104 0.19047621 0 0 0
0.33333337 0.38095242 0.095238104 0.19047621 0 0 0
0.33333337 0.38095242 0.095238104 0.19047621 0 0 0
0.33333337 0.38095242 0.095238104 0.19047621 0 0 0
0.33333337 0.38095242 0.095238104 0.19047621 0 0 0
0.33333337 0.38095242 0.095238104 0.19047621 0 0 0
0.33333337 0.38095242 0.095238104 0.19047621 0 0 0
0.33333337 0.38095242 0.095238104 0.19047621 0 0 0
0.33333337 0.38095242 0.095238104 0.19047621 0 0 0
0.33333337 0.38095242 0.095238104 0.19047621 0 0 0
0.33333337 0.38095242 0.095238104 0.19047621 0 0 0
0.33333337 0.38095242 0.095238104 0.19047621 0 0 0
0.33333337 0.38095242 0.095238104 0.19047621 0 0 0
0.33333337 0.38095242 0.095238104 0.19047621 0 0 0
0.33333337 0.38095242 0.095238104 0.19047621 0 0 0
0.33333337 0.38095242 0.095238104 0.19047621 0 0 0
0.33333337 0.38095242 0.095238104 0.19047621 0 0 0
0.33333337 0.38095242 0.095238104 0.19047621 0 0 0
0.33333337 0.38095242 0.095238104 0.19047621 0 0 0
0.33333337 0.38095242 0.095238104 0.19047621 0 0 0
0.33333337 0.38095242 0.095238104 0.19047621 0 0 0
0.33333337 0.38095242 0.095238104 0.19047621 0 0 0
0.33333337 0.38095242 0.095238104 0.19047621 0 0 0
0.33333337 0.38095242 0.095238104 0.19047621 0 0 0
0.33333337 0.38095242 0.095238104 0.19047621 0 0 0
0.33333337 0.38095242 0.095238104 0.19047621 0 0 0
0.33333337 0.38095242 0.095238104 0.19047621 0 0 0
0.33333337 0.38095242 0.095238104 0.19047621 0 0 0
0.33333337 0.38095242 0.095238104 0.19047621 0 0 0
0.33333337 0.38095242 0.095238104 0.19047621 0 0 0
0.33333337 0.38095242 0.095238104 0.19047621 0 0 0
0.33333337 0.38095242 0.095238104 0.19047621 0 0 0
0.33333337 0.38095242 0.095238104 0.19047621 0 0 0
0.33333337 0.38095242 0.095238104 0.19047621 0 0 0
0.33333337 0.38095242 0.095238104 0.19047621 0 0 0
0.33333337 0.38095242 0.095238104 0.19047621 0 0 0
0.33333337 0.38095242 0.095238104 0.19047621 0 0 0
0.33333337 0.38095242 0.095238104 0.19047621 0 0 0
0.33333337 0.38095242 0.095238104 0.19047621 0 0 0
0.33333337 0.38095242 0.095238104 0.19047621 0 0 0
0.33333337 0.38095242 0.095238104 0.19047621 0 0 0
0.33333337 0.38095242 0.095238104 0.19047621 0 0 0
0.33333337 0.38095242 0.095238104 0.19047621 0 0 0
0.33333337 0.38095242 0.095238104 0.19047621 0 0 0
0.33333337 0.38095242 0.095238104 0.19047621 0 0 0
0.33333337 0.38095242 0.095238104 0.19047621 0 0 0
0.33333337 0.38095242 0.095238104 0.19047621 0 0 0
0.33333337 0.38095242 0.095238104 0.19047621 0 0 0
0.33333337 0.38095242 0.095238104 0.19047621 0 0 0
0.33333337 0.38095242 0.095238104 0.19047621 0 0 0
0.33333337 0.38095242 0.095238104 0.19047621 0 0 0
0.33333337 0.38095242 0.095238104 0.19047621 0 0 0
0.33333337 0.38095242 0.095238104 0.19047621 0 0 0
0.33333337 0.38095242 0.095238104 0.19047621 0 0 0
0.33333337 0.38095242 0.095238104 0.19047621 0 0 0
0.33333337 0.38095242 0.095238104 0.19047621 0 0 0
0.33333337 0.38095242 0.095238104 0.19047621 0 0 0
0.33333337 0.38095242 0.095238104 0.19047621 0 0 0
0.33333337 0.38095242 0.095238104 0.19047621 0 0 0
0.33333337 0.38095242 0.095238104 0.19047621 0 0 0
0.33333337 0.38095242 0.095238104 0.19047621 0 0 0
0.33333337 0.38095242 0.095238104 0.19047621 0 0 0
0.33333337 0.38095242 0.095238104 0.19047621 0 0 0
0.33333337 0.38095242 0.095238104 0.19047621 0 0 0
0.33333337 0.38095242 0.095238104 0.19047621 0 0 0
0.33333337 0.38095242 0.095238104 0.19047621 0 0 0
0.33333337 0.38095242 0.095238104 0.19047621 0 0 0
0.33333337 0.38095242 0.095238104 0.19047621 0 0 0
0.33333337 0.38095242 0.095238104 0.19047621 0 0 0
0.33333337 0.38095242 0.095238104 0.19047621 0 0 0
0.33333337 0.38095242 0.095238104 0.19047621 0 0 0
0.33333337 0.38095242 0.095238104 0.19047621 0 0 0
0.33333337 0.38095242 0.095238104 0.19047621 0 0 0
0.33333337 0.38095242 0.095238104 0.19047621 0 0 0
0.33333337 0.38095242 0.095238104 0.19047621 0 0 0
0.33333337 0.38095242 0.095238104 0.19047621 0 0 0
0.33333337 0.38095242 0.095238104 0.19047621 0 0 0
0.33333337 0.38095242 0.095238104 0.19047621 0 0 0
0.33333337 0.38095242 0.095238104 0.19047621 0 0 0
0.33333337 0.38095242 0.095238104 0.19047621 0 0 0
0.33333337 0.38095242 0.095238104 0.19047621 0 0 0
0.33333337 0.38095242 0.095238104 0.19047621 0 0 0
0.33333337 0.38095242 0.095238104 0.19047621 0 0 0
0.33333337 0.38095242 0.095238104 0.19047621 0 0 0
0.33333337 0.38095242 0.095238104 0.19047621 0 0 0
0.33333337 0.38095242 0.095238104 0.19047621 0 0 0
0.33333337 0.38095242 0.095238104 0.19047621 0 0 0
0.33333337 0.38095242 0.095238104 0.19047621 0 0 0
0.33333337 0.38095242 0.095238104 0.19047621 0 0 0
0.33333337 0.38095242 0.095238104 0.19047621 0 0 0
0.33333337 0.38095242 0.095238104 0.19047621 0 0 0
0.33333337 0.38095242 0.095238104 0.19047621 0 0 0
0.33333337 0.38095242 0.095238104 0.19047621 0 0 0
0.33333337 0.38095242 0.095238104 0.19047621 0 0 0
0.33333337 0.38095242 0.095238104 0.19047621 0 0 0
0.33333337 0.38095242 0.095238104 0.19047621 0 0 0
0.33333337 0.38095242 0.095238104 0.19047621 0 0 0
0.33333337 0.38095242 0.095238104 0.19047621 0 0 0
0.33333337 0.38095242 0.095238104 0.19047621 0 0 0
0.33333337 0.38095242 0.095238104 0.19047621 0 0 0
0.33333337 0.38095242 0.095238104 0.19047621 0 0 0
0.33333337 0.38095242 0.095238104 0.19047621 0 0 0
0.33333337 0.38095242 0.095238104 0.19047621 0 0 0
0.33333337 0.38095242 0.095238104 0.19047621 0 0 0
0.33333337 0.38095242 0.095238104 0.19047621 0 0 0
0.33333337 0.38095242 0.095238104 0.19047621 0 0 0
0.33333337 0.38095242 0.095238104 0.19047621 0 0 0
0.33333337 0.38095242 0.095238104 0.19047621 0 0 0
0.33333337 0.38095242 0.095238104 0.19047621 0 0 0
0.33333337 0.38095242 0.095238104 0.19047621 0 0 0
0.33333337 0.38095242 0.095238104 0.19047621 0 0 0
0.33333337 0.38095242 0.095238104 0.19047621 0 0 0
0.33333337 0.38095242 0.095238104 0.19047621 0 0 0
0.33333337 0.38095242 0.095238104 0.19047621 0 0 0
0.33333337 0.38095242 0.095238104 0.19047621 0 0 0
0.33333337 0.38095242 0.095238104 0.19047621 0 0 0
0.33333337 0.38095242 0.095238104 0.19047621 0 0 0
0.33333337 0.38095242 0.095238104 0.19047621 0 0 0
0.33333337 0.38095242 0.095238104 0.19047621 0 0 0
0.33333337 0.38095242 0.095238104 0.19047621 0 0 0
0.33333337 0.38095242 0.095238104 0.19047621 0 0 0
0.33333337 0.38095242 0.095238104 0.19047621 0 0 0
0.33333337 0.38095242 0.095238104 0.19047621 0 0 0
0.33333337 0.38095242 0.095238104 0.19047621 0 0 0
0.33333337 0.38095242 0.095238104 0.19047621 0 0 0
0.33333337 0.38095242 0.095238104 0.19047621 0 0 0
0.33333337 0.38095242 0.095238104 0.19047621 0 0 0
0.33333337 0.38095242 0.095238104 0.19047621 0 0 0
0.33333337 0.38095242 0.095238104 0.19047621 0 0 0
0.33333337 0.38095242 0.095238104 0.19047621 0 0 0
0.33333337 0.38095242 0.095238104 0.19047621 0 0 0
0.33333337 0.38095242 0.095238104 0.19047621 0 0 0
0.33333337 0.38095242 0.095238104 0.19047621 0 0 0
0.33333337 0.38095242 0.095238104 0.19047621 0 0 0
0.33333337 0.38095242 0.095238104 0.19047621 0 0 0
0.33333337 0.38095242 0.095238104 0.19047621 0 0 0
0.33333337 0.38095242 0.095238104 0.19047621 0 0 0
0.33333337 0.38095242 0.095238104 0.19047621 0 0 0
0.33333337 0.38095242 0.095238104 0.19047621 0 0 0
0.33333337 0.38095242 0.095238104 0.19047621 0 0 0
0.33333337 0.38095242 0.095238104 0.19047621 0 0 0
0.33333337 0.38095242 0.095238104 0.19047621 0 0 0
0.33333337 0.38095242 0.095238104 0.19047621 0 0 0
0.33333337 0.38095242 0.095238104 0.19047621 0 0 0
0.33333337 0.38095242 0.095238104 0.19047621 0 0 0
0.33333337 0.38095242 0.095238104 0.19047621 0 0 0
0.33333337 0.38095242 0.095238104 0.19047621 0 0 0
0.33333337 0.38095242 0.095238104 0.19047621 0 0 0
0.33333337 0.38095242 0.095238104 0.19047621 0 0 0
0.33333337 0.38095242 0.095238104 0.19047621 0 0 0
0.33333337 0.38095242 0.095238104 0.19047621 0 0 0
0.33333337 0.38095242 0.095238104 0.19047621 0 0 0
0.33333337 0.38095242 0.095238104 0.19047621 0 0 0
0.33333337 0.38095242 0.095238104 0.19047621 0 0 0
0.33333337 0.38095242 0.095238104 0.19047621 0 0 0
0.33333337 0.38095242 0.095238104 0.19047621 0 0 0
0.33333337 0.38095242 0.095238104 0.19047621 0 0 0
0.33333337 0.38095242 0.095238104 0.19047621 0 0 0
0.33333337 0.38095242 0.095238104 0.19047621 0 0 0
0.33333337 0.38095242 0.095238104 0.19047621 0 0 0
0.33333337 0.38095242 0.095238104 0.19047621 0 0 0
0.33333337 0.38095242 0.095238104 0.19047621 0 0 0
0.33333337 0.38095242 0.095238104 0.19047621 0 0 0
0.33333337 0.38095242 0.095238104 0.19047621 0 0 0
0.33333337 0.38095242 0.095238104 0.19047621 0 0 0
0.33333337 0.38095242 0.095238104 0.19047621 0 0 0
0.33333337 0.38095242 0.095238104 0.19047621 0 0 0
0.33333337 0.38095242 0.095238104 0.19047621 0 0 0
0.33333337 0.38095242 0.095238104 0.19047621 0 0 0
0.33333337 0.38095242 0.095238104 0.19047621 0 0 0
0.33333337 0.38095242 0.095238104 0.19047621 0 0 0
0.33333337 0.38095242 0.095238104 0.19047621 0 0 0
0.33333337 0.38095242 0.095238104 0.19047621 0 0 0
0.33333337 0.38095242 0.095238104 0.19047621 0 0 0
0.33333337 0.38095242 0.095238104 0.19047621 0 0 0
0.33333337 0.38095242 0.095238104 0.19047621 0 0 0
0.33333337 0.38095242 0.095238104 0.19047621 0 0 0
0.33333337 0.38095242 0.095238104 0.19047621 0 0 0
0.33333337 0.38095242 0.095238104 0.19047621 0 0 0
0.33333337 0.38095242 0.095238104 0.19047621 0 0 0
0.33333337 0.38095242 0.095238104 0.19047621 0 0 0
0.33333337 0.38095242 0.095238104 0.19047621 0 0 0
0.33333337 0.38095242 0.095238104 0.19047621 0 0 0
0.33333337 0.38095242 0.095238104 0.19047621 0 0 0
0.33333337 0.38095242 0.095238104 0.19047621 0 0 0
0.33333337 0.38095242 0.095238104 0.19047621 0 0 0
0.33333337 0.38095242 0.095238104 0.19047621 0 0 0
0.33333337 0.38095242 0.095238104 0.19047621 0 0 0
0.33333337 0.38095242 0.095238104 0.19047621 0 0 0
0.33333337 0.38095242 0.095238104 0.19047621 0 0 0
0.33333337 0.38095242 0.095238104 0.19047621 0 0 0
0.33333337 0.38095242 0.095238104 0.19047621 0 0 0
0.33333337 0.38095242 0.095238104 0.19047621 0 0 0
0.33333337 0.38095242 0.095238104 0.19047621 0 0 0
0.33333337 0.38095242 0.095238104 0.19047621 0 0 0
0.33333337 0.38095242 0.095238104 0.19047621 0 0 0
0.33333337 0.38095242 0.095238104 0.19047621 0 0 0
0.33333337 0.38095242 0.095238104 0.19047621 0 0 0
